0.891817 0.851973 0.829085
0.229806 0.298718 0.753683
0.229806 0.298718 0.753683
0.229806 0.298718 0.753683
0.229806 0.298718 0.753683
0.229806 0.298718 0.753683
0.229806 0.298718 0.753683
0.229806 0.298718 0.753683
0.822420 0.856898 0.910795
0.859385 0.864431 0.872111
0.733898 0.820018 0.970724
0.851372 0.863125 0.881064
0.229806 0.298718 0.753683
0.229806 0.298718 0.753683
0.229806 0.298718 0.753683
0.748682 0.827679 0.963334
0.843358 0.861820 0.890017
0.809329 0.852974 0.922323
0.538004 0.674902 0.991722
0.229806 0.298718 0.753683
0.822420 0.856898 0.910795
0.229806 0.298718 0.753683
0.229806 0.298718 0.753683
0.800601 0.850358 0.930008
0.229806 0.298718 0.753683
0.763363 0.835092 0.955658
0.229806 0.298718 0.753683
0.229806 0.298718 0.753683
0.229806 0.298718 0.753683
0.777378 0.840921 0.946149
0.229806 0.298718 0.753683
0.229806 0.298718 0.753683
0.229806 0.298718 0.753683
0.777378 0.840921 0.946149
